00111100000000010001000000000001
00110100001100000000000000000000
10001110000100010000000000000000
10001110000100100000000000000100
10001110000100110000000000001000
10001110000101000000000000001100
00100000000000110000000000000100
10001110000010010000000000010000
10001110000010100000000000010100
10001110000010110000000000011000
10001110000011000000000000011100
00000001001100011000100000100110
00000001010100101001000000100110
00000001011100111001100000100110
00000001100101001010000000100110
00110100000000100000000000101100
00010000011000100000000011100111
00000010001100010011100000100101
00001000000100000000000000011011
00000000111001111000100000100101
00000010010100100011100000100101
00001000000100000000000000011011
00000000111001111001000000100101
00000010011100110011100000100101
00001000000100000000000000011011
00000000111001111001100000100101
00000010100101000011100000100101
00000000111001111100000000100101
00110100000001010000000000000101
00100000000001100000000000000001
00110000111011010000000011111100
00110000111011100000000000000011
00000010000011010110100000100000
10001101101001000000000000100000
00010001110000000000000000001001
00100000000011110000000000000001
00010001110011110000000000000101
00100001111011110000000000000001
00010001110011110000000000000001
00001000000100000000000000101101
00000000000001000010001000000010
00001000000100000000000000101101
00000000000001000010010000000010
00001000000100000000000000101101
00000000000001000010011000000010
00110000100001000000000011111111
00000000000001000010011000000000
00000000000001110011101000000010
00000000111001000011100000100000
00100000110001100000000000000001
00010100101001101111111111101011
00010011000100011111111111011111
00010011000100101111111111100001
00010011000100111111111111100011
00000000111001111010000000100101
00111100000001000000000011111111
00111100000001011111111100000000
00110100000001100000000011111111
00110100000001111111111100000000
00000000101001110110100000100101
00000001101001000110100000100101
00000010001011010100000000100100
00000010100001100111100000100100
00000010001001101100000000100100
00000001111010000111000000100101
00000001110011101000100000100101
00000010010011010100000000100100
00000010010001100111100000100100
00000011000010000111000000100101
00000001110011101001000000100101
00000010011011010100000000100100
00000010011001101100000000100100
00000001111010000111000000100101
00000001110011101001100000100101
00000010100011010100000000100100
00000010100001100111100000100100
00000011000010000111000000100101
00000001110011101010000000100101
00000000101001100110100000100101
00000001101001000110100000100101
00000010001011010100000000100100
00000010011001110111100000100100
00000010001001111100000000100100
00000001111010000111000000100101
00000001110011101000100000100101
00000010011011010100000000100100
00000011000010000111000000100101
00000001110011101001100000100101
00000010010011010100000000100100
00000010010001111100000000100100
00000010100001110111100000100100
00000001111010000111000000100101
00000001110011101001000000100101
00000010100011010100000000100100
00000011000010000111000000100101
00000001110011101010000000100101
00000000101001100110100000100101
00000001101001110110100000100101
00000010001011010100000000100100
00000010010001000111100000100100
00000010001001001100000000100100
00000001111010000111000000100101
00000001110011101000100000100101
00000010010011010100000000100100
00000010011001000111100000100100
00000001111010000111000000100101
00000001110011101001000000100101
00000010011011010100000000100100
00000010100001000111100000100100
00000001111010000111000000100101
00000001110011101001100000100101
00000010100011010100000000100100
00000011000010000111000000100101
00000001110011101010000000100101
00110100000000100000000000101000
00010000011000100000000001001010
00000010001100010100000000100101
00000010001100010010000000100101
00001000000100000000000010000010
00000010010100100100000000100101
00000000100001001000100000100101
00000010010100100010000000100101
00001000000100000000000010000010
00000010011100110100000000100101
00000000100001001001000000100101
00000010011100110010000000100101
00001000000100000000000010000010
00000010100101000100000000100101
00000000100001001001100000100101
00000010100101000010000000100101
00000000100001000011100000100101
00110001000011010000000011111111
00000000000010000100001000000010
00000001101011010100100000100101
00000001101011010101000000100101
00110001101110000000000010000000
00000000000011010110100001000000
00110001101011010000000011111110
00010011000000000000000000000001
00111001101011010000000000011011
00000000000011010110000000100110
00000001001011010101100000100110
00110001000011010000000011111111
00000000000010000100001000000010
00000001101011010010100000100101
00000001100011010110000000100110
00000001001011010100100000100110
00110001101110000000000010000000
00000000000011010110100001000000
00110001101011010000000011111110
00010011000000000000000000000001
00111001101011010000000000011011
00000001011011010101100000100110
00000000101011010010100000100110
00000001010001010101000000100110
00110001000011010000000011111111
00000000000010000100001000000010
00000001101011010010100000100101
00000001011011010101100000100110
00000001100011010110000000100110
00110001101110000000000010000000
00000000000011010110100001000000
00110001101011010000000011111110
00010011000000000000000000000001
00111001101011010000000000011011
00000001010011010101000000100110
00000000101011010010100000100110
00000001001001010100100000100110
00110001000011010000000011111111
00000001101011010010100000100101
00000001010011010101000000100110
00000001011011010101100000100110
00110001101110000000000010000000
00000000000011010110100001000000
00110001101011010000000011111110
00010011000000000000000000000001
00111001101011010000000000011011
00000001001011010100100000100110
00000000101011010010100000100110
00000001100001010110000000100110
00000000000010010100111000000000
00000000000010100101010000000000
00000000000010110101101000000000
00000001001010100100100000100000
00000001011011000101100000100000
00000001001010110010000000100000
00010000111100011111111110111100
00010000111100101111111110111111
00010000111100111111111111000010
00000000100001001010000000100101
10001110000010010000000000010000
10001110000010100000000000010100
10001110000010110000000000011000
10001110000011000000000000011100
00000000000011000100000000100101
00000000000010011100000000100101
00001000000100000000000011001101
00000000000010101100000000100101
10101110000010000000000000010000
00001000000100000000000011001101
00000000000010111100000000100101
10101110000010000000000000010100
00001000000100000000000011001101
00000000000011001100000000100101
10101110000010000000000000011000
00110000011011010000000000000011
00010101101000000000000000100001
00111100000011011111111100000000
00000001000011010111000000100100
00000000000010000100001000000000
00000000000011100111011000000010
00000001000011100100000000100000
00000001000010000011100000100101
00110100000001010000000000000101
00100000000001100000000000000001
00110000111011010000000011111100
00110000111011100000000000000011
00000010000011010110100000100000
10001101101001000000000000100000
00010001110000000000000000001001
00100000000011110000000000000001
00010001110011110000000000000101
00100001111011110000000000000001
00010001110011110000000000000001
00001000000100000000000011100110
00000000000001000010001000000010
00001000000100000000000011100110
00000000000001000010010000000010
00001000000100000000000011100110
00000000000001000010011000000010
00110000100001000000000011111111
00000000000001000010011000000000
00000000000001110011101000000010
00000000111001000011100000100000
00100000110001100000000000000001
00010100101001101111111111101011
00000000111001110100000000100101
00000010000000111100100000100000
10001111001001010000000100011100
00000001000001010100000000100110
00000001000110000100000000100110
00100000011000110000000000000001
00010011000010011111111111010010
00010011000010101111111111010100
00010011000010111111111111010110
10101110000010000000000000011100
00110100000000100000000000101100
00001000000100000000000000000111
00110100000010000000000000000000
